[1727600, 966500, 3657300, 6395100, 35072300, 72117300, 308457900, 1290959300, 4823397600]
[54300, 176800, 1173800, 6008000, 23132700, 84814200, 426790600, 1962651100, 7214661500]
[38100, 220200, 1023800, 5079000, 26391700, 80059000, 407866400, 1464456200, 6739439400]
[37300, 181500, 1162700, 4979500, 24829200, 122142700, 550631400, 2641274800, 11683455200]
[42500, 172600, 948100, 3142600, 21038300, 100947500, 534587800, 2917694100, 11989463800]
[46600, 241200, 1196900, 6930900, 40197300, 205933800, 745114500, 3807256400, 23379946700]
[33100, 199100, 895100, 4498400, 20935800, 89033000, 443757000, 2199907500, 9998171900]
[39000, 165200, 1046900, 4623900, 25937000, 106202100, 550712500, 2617002800, 12184113700]
[33700, 155600, 611600, 3659000, 14744300, 79184500, 307378800, 1696531800, 5376788100]
[37000, 162900, 948500, 3213500, 19554500, 107049700, 343236300, 2106294200, 8943674700]
[35900, 156000, 824900, 3824800, 13716300, 82801400, 277898500, 1514889500, 6965395500]
[45600, 172300, 1064500, 4048900, 27053300, 105328700, 619765700, 2315589500, 13805758300]
[38100, 176900, 782500, 5413300, 22416400, 95772100, 467052300, 1497608000, 8444342000]
[43600, 260000, 1736900, 8753800, 49147800, 223749700, 975887600, 6143420700, 25079736200]
[47300, 251000, 1544300, 7007700, 34967800, 151482200, 660925100, 2249203900, 7877375600]
[32600, 189300, 1280200, 8414200, 32024500, 158357000, 619120100, 2738231300, 11110123700]
[38500, 149800, 962100, 3779300, 17700300, 65072900, 311562500, 1242625700, 5869615200]
[36900, 161500, 1292700, 7963800, 32756300, 142931000, 727925700, 2469682700, 12616510200]
[46300, 167800, 1047900, 4466600, 24600500, 76007100, 410808300, 1340870500, 6520008400]
[36600, 146700, 1045100, 5758000, 26060100, 110707600, 466026100, 1607252200, 6428050000]
[57800, 166500, 944200, 3349200, 17012000, 74418700, 309221300, 1170805900, 5499073200]
[70200, 205200, 940700, 4234300, 23339500, 108515700, 475745400, 2250822800, 7898477400]
[37800, 164500, 1182300, 4622600, 19328700, 75071300, 303523900, 1030542300, 4150170200]
[40600, 163600, 1225600, 5942100, 26919000, 123296900, 551545900, 1921722800, 6827331900]
[27300, 118200, 519600, 2479100, 9547700, 40740100, 152164500, 683522100, 2367360000]
[35500, 133000, 819700, 3490500, 17609400, 63584100, 299877600, 977330800, 4261483000]
[23300, 155400, 565900, 3245100, 11014800, 55039600, 159473100, 794368900, 2438349200]
[30900, 102100, 620800, 2744100, 13280800, 46170400, 175615000, 539455100, 2594491100]
[32400, 90600, 493300, 1665400, 7618200, 28490000, 130943100, 466608400, 1968999600]
[32400, 106900, 511700, 1959500, 11245800, 41713000, 173726300, 793296600, 2688591600]
[25800, 80000, 326300, 1492200, 6040000, 27453700, 158455000, 424034600, 1968958500]
[27000, 72600, 282200, 821300, 4938500, 17869000, 43104600, 161128600, 699506300]
[26500, 94200, 342000, 1159200, 4160900, 10465000, 59618200, 101112500, 593860200]
[26300, 62000, 324100, 1151200, 4158000, 13423500, 41274500, 157057500, 509006400]
[20300, 56500, 198900, 840600, 4087900, 12644500, 43786100, 140900800, 478712000]
[21300, 64700, 281800, 1715300, 5907400, 22643600, 71641100, 263183900, 618847300]
[27800, 68300, 583900, 2188500, 14200000, 42768800, 155731000, 368336800, 1022201700]
[17900, 62300, 215200, 1151700, 3350300, 10611700, 27394700, 83762600, 178250400]
[25000, 51600, 223500, 759700, 2725200, 5935200, 18141300, 44479400, 116148800]
[20500, 45800, 179500, 548000, 1408200, 4786500, 10301800, 25788600, 54134400]
[20600, 45400, 162300, 487400, 1374600, 2632300, 7567500, 13778300, 22798700]
[18900, 37800, 134600, 298300, 927600, 2367400, 4887800, 8651500, 18087800]
[15000, 25800, 132200, 343800, 1073700, 2209900, 4307600, 6324800, 1879100]
[15900, 33100, 92700, 257300, 651600, 1136900, 1356000, 1085600, 1070000]
[14600, 26300, 68200, 148500, 311000, 384900, 323000, 314300, 326800]
[13200, 20700, 41600, 70900, 130600, 98600, 99300, 93700, 91800]
[12100, 14000, 32400, 46900, 36100, 35500, 36600, 36300, 36800]
[11100, 7900, 10400, 11400, 9700, 16700, 9600, 9600, 9700]
[9300, 6200, 7900, 6200, 6000, 6100, 6000, 6100, 6200]
[7100, 3900, 2900, 2600, 2600, 2600, 2600, 2600, 2600]
[9800, 1700, 1400, 1400, 1400, 1400, 1400, 1500, 1500]
[36200, 228600, 1157300, 5120100, 19778100, 101719400, 343250800, 1124172600, 3688025300]
[31800, 116700, 775400, 3852100, 20946000, 81918600, 366668200, 1345637800, 5784400800]
[34100, 192700, 1117300, 5101000, 19260100, 93871700, 264873700, 1097912900, 4604784400]
[30300, 131500, 731300, 4847400, 23546700, 56748700, 293911200, 993194800, 4136936100]
[34700, 182600, 675200, 3155200, 13493500, 68226400, 342075600, 1106341600, 5357432300]
[42700, 150800, 925900, 5321600, 22034000, 84007800, 384416800, 1800146300, 6949816000]
[47100, 193700, 898400, 3457500, 18379100, 73677200, 425697100, 1484782600, 7253999500]
[34700, 165400, 1150700, 6438200, 28555500, 180632400, 871181700, 4129577600, 18678475400]
[52600, 263400, 1534600, 6445300, 38514900, 144603600, 711276600, 2808052800, 13793709300]
[58000, 276600, 1499000, 11664900, 54522500, 245613600, 1130369500, 5714577700, 21394670800]
[36300, 190600, 1108200, 5258000, 30073600, 140217200, 716673200, 3249361000, 13102257500]
[30300, 110900, 849000, 4434800, 31491500, 123862700, 667666300, 2757968000, 12379673400]
[29800, 150100, 800400, 4692000, 24600100, 124251800, 490354200, 2295893800, 8784919600]
[37300, 189300, 1249000, 5861000, 29699200, 155781600, 801244800, 3300443700, 15089376100]
[41000, 221400, 1368700, 7667000, 32565100, 150063800, 591824200, 2811433400, 11629390000]
[37200, 151700, 1277600, 6805300, 27892200, 140290700, 645032500, 2377677800, 10773264700]
[44900, 224800, 1137100, 4709200, 24559600, 104904100, 512456000, 2024891400, 9236127800]
[45200, 217200, 1370600, 5626000, 31417900, 141279000, 663235700, 2674536000, 12682693800]
[38200, 152000, 831300, 4313200, 20105300, 105719700, 388077200, 2016716400, 6224961800]
[41300, 138600, 884000, 4134600, 26826300, 104215700, 529456800, 1557436100, 7381819700]
[37500, 110700, 848100, 3409900, 23077400, 96358900, 455504900, 1822250100, 7069409400]
[33900, 132200, 863400, 3219500, 14998900, 57794700, 234943900, 1124978600, 4571936400]
[45800, 185700, 1059900, 4225700, 23789700, 89973700, 405459000, 1329128200, 4629719400]
[27600, 132300, 589200, 3192200, 12707400, 57319000, 220569900, 1177732800, 4671855400]
[39900, 135800, 748800, 2641100, 12986900, 53869900, 284393100, 1082610300, 4598812900]
[32500, 120300, 635400, 2576700, 15256700, 59946700, 238904400, 1084468300, 2535305300]
[33000, 114600, 648300, 2723800, 9713200, 46047200, 173043200, 648458800, 2550926500]
[18500, 68300, 257600, 1136600, 4130500, 19243800, 60719400, 290010700, 729143800]
[33900, 136500, 736700, 2771900, 13482700, 37304300, 121567900, 453409300, 1682289000]
[16500, 66700, 265500, 1864200, 8293100, 42281100, 153648800, 743243900, 2153956000]
[34300, 105600, 531100, 2085100, 13102700, 34821800, 167426600, 463891000, 1776188600]
[16600, 38900, 284600, 1501700, 4666900, 23553300, 93011900, 442236300, 987443200]
[26700, 81100, 316300, 1266600, 6048700, 19841300, 70638300, 175615000, 587144200]
[22100, 83100, 259000, 1248000, 2945100, 11552200, 37989400, 117799700, 245797900]
[25200, 62700, 296600, 862700, 3353600, 10082700, 30293700, 58221700, 190090400]
[19300, 75200, 280300, 810400, 2665700, 8329000, 13641400, 42541300, 123834200]
[27600, 74800, 373600, 963000, 4304900, 5524400, 19160100, 64545200, 245342300]
[24800, 92200, 368600, 1377300, 4151800, 14345900, 40531300, 142442400, 272989500]
[24500, 53600, 305100, 1014600, 4375300, 11201400, 40764000, 81603700, 232427300]
[19900, 65000, 228500, 1051700, 2375700, 7530500, 7956300, 27925400, 52153300]
[21400, 53500, 249500, 553000, 1836200, 3560100, 13704600, 21089100, 39270500]
[19900, 44300, 135200, 472800, 1098300, 2758300, 5011600, 10509600, 19516200]
[13300, 29300, 97300, 243700, 701200, 939400, 2315700, 4986900, 1520900]
[13500, 29900, 69300, 216500, 372000, 643800, 1312600, 447700, 437900]
[14900, 26600, 90400, 149100, 318500, 791600, 339700, 340000, 324300]
[13200, 34300, 55100, 112700, 227600, 83100, 89300, 78500, 78600]
[15000, 14600, 40800, 38100, 52700, 51100, 50700, 50500, 50500]
[7600, 7600, 10200, 16300, 12400, 12200, 12200, 12100, 12100]
[12300, 9100, 12500, 11500, 11300, 11300, 11300, 11300, 11400]
[9100, 5400, 4400, 4100, 4000, 3900, 3900, 4000, 3900]
[5300, 1400, 1200, 1100, 1100, 1200, 1200, 1200, 1200]
[23300, 92300, 433400, 1777600, 10619200, 42009500, 277100500, 1536293600, 6985390500]
[41100, 120100, 668600, 2749500, 13116800, 97068600, 404988300, 2163668900, 8081006800]
[27200, 88400, 590400, 4758100, 24037000, 123062200, 567605800, 3265737700, 14482871600]
[34400, 110500, 617800, 4107500, 22146300, 115667500, 553816700, 2505156700, 10824106300]
[32500, 223300, 909100, 5238900, 33627100, 163199000, 856673200, 3155188400, 18289853900]
[50500, 193800, 950800, 5723000, 42548600, 154706900, 714945200, 4207249900, 16976053800]
[25600, 68800, 359200, 1828500, 11050400, 72502700, 250282900, 1291344000, 7161536200]
[40700, 101300, 478400, 2038600, 15083500, 50764800, 280008300, 1308413600, 6715402800]
[28200, 134300, 571300, 2590700, 16227500, 52540000, 259042100, 1234231000, 5205866900]
[34700, 166700, 1054900, 6076000, 18636800, 75793300, 422700700, 1872746700, 6172280200]
[32600, 174400, 1006900, 2779000, 15666200, 38057000, 174477900, 726319100, 4211226800]
[27000, 83300, 472700, 3084200, 10713500, 58872700, 190078700, 990122600, 2929219600]
[23200, 60000, 306200, 1604200, 10530500, 47072600, 283501200, 725054900, 4082350900]
[24200, 83500, 589700, 2424800, 11500700, 72520600, 244554000, 1473556400, 5744397000]
[40300, 157400, 678300, 3391700, 19528500, 69545200, 455323100, 1870581400, 11397099200]
[25800, 137600, 515900, 2513900, 14582900, 70394700, 342858200, 1565729800, 6927154000]
[35200, 161100, 997300, 4283100, 22031800, 126241300, 626359700, 2514262800, 14335032700]
[42800, 165300, 1034800, 3565200, 20113500, 99984700, 506046000, 2180694800, 10632951700]
[41500, 183900, 1141100, 4548300, 27891000, 113611900, 749026400, 3313522400, 15913517800]
[41800, 155800, 1117900, 5079500, 29870700, 139545300, 712926900, 3528269300, 16744889500]
[37300, 190700, 1083900, 4673300, 20812100, 139987000, 611570600, 3457541600, 15332498900]
[49200, 222900, 1844800, 7501400, 54446100, 197046400, 1190320200, 4449846100, 25304788000]
[36200, 213400, 1084200, 6322700, 25108100, 133120800, 475321400, 2190804400, 8653489100]
[44100, 172800, 1132300, 5139400, 27672800, 106270400, 623615800, 2284591300, 11211694100]
[42500, 104000, 528400, 2759100, 9869500, 43720800, 169555200, 1242055300, 4806980300]
[50900, 164600, 1402900, 5168300, 24680300, 87959200, 445203300, 1744183700, 8409008000]
[36400, 211700, 658800, 3510500, 15327400, 66395000, 208871200, 1035084400, 3169313700]
[45400, 160400, 1210200, 4233400, 26670300, 96839100, 488864000, 1645127400, 7671994200]
[27000, 162200, 744600, 3957600, 15363000, 69840100, 239160500, 1063708600, 3689282500]
[33400, 100400, 831400, 2862400, 14947600, 54432900, 266713300, 785967600, 3842398700]
[28400, 118300, 538600, 2290800, 6500900, 33375800, 110915100, 574003600, 1771786000]
[27600, 80100, 524100, 1768600, 9364600, 32531900, 167186700, 434349500, 2069439200]
[23600, 100000, 428000, 1840100, 5841300, 33986400, 88794400, 650773800, 1372047000]
[35500, 123500, 770900, 2360500, 12002100, 37877900, 159759700, 456084000, 1850887700]
[22800, 82200, 250900, 1637800, 5383000, 27897100, 87223800, 380208500, 1006272000]
[29400, 69600, 432600, 1374500, 6278200, 20385000, 75807900, 230442200, 772414000]
[23600, 61000, 208200, 697300, 2284100, 7805600, 34847700, 119358300, 351542300]
[23400, 49300, 255500, 874200, 3210200, 8062900, 26781500, 64844500, 160195500]
[16600, 42000, 157800, 545000, 2050300, 6397800, 22068600, 56691700, 194070500]
[17500, 60500, 231800, 1143900, 3675100, 12544800, 29699100, 110331800, 281278500]
[13500, 35900, 86900, 297400, 712700, 1434800, 3142500, 8021500, 15000000]
[20300, 42000, 154900, 346000, 983500, 2799700, 6943700, 12473700, 27221700]
[12900, 35700, 81500, 270400, 633000, 1675800, 3742600, 8354300, 14366300]
[22500, 40900, 130800, 329500, 835300, 1838200, 4154700, 9043000, 15652000]
[9900, 17200, 23900, 94400, 333800, 869700, 1483400, 1809400, 4374000]
[23200, 31100, 110800, 166400, 369500, 849700, 1314600, 2353900, 2886500]
[7000, 13600, 26200, 73500, 132900, 253500, 410400, 453000, 441900]
[21200, 28200, 77900, 138200, 262400, 407600, 465800, 441600, 445300]
[15400, 22500, 50700, 90900, 137500, 165000, 161700, 159600, 166000]
[8800, 14500, 17700, 36200, 39700, 38500, 38200, 38000, 38000]
[17000, 18400, 29900, 42600, 46100, 41200, 41000, 41000, 40700]
[12700, 10500, 13200, 12200, 12100, 12000, 11900, 11900, 11900]
[8900, 5700, 4300, 3900, 3900, 3900, 3900, 3900, 3900]
[7200, 1800, 1700, 1600, 1600, 1500, 1600, 1500, 1500]
